
[
  [-5.7808899,37.1793642], [-5.7808431,37.1792223], [-5.7808036,37.179115], [-5.7805988,37.1792345],
  [-5.7803403,37.1789992], [-5.7801659,37.1788432], [-5.7805602,37.1786231], [-5.7808767,37.1784265],
  [-5.7810966,37.1783239], [-5.7813354,37.1781551], [-5.7815821,37.1779093], [-5.7817691,37.1782659],
  [-5.7818745,37.178606], [-5.7819684,37.1789843], [-5.7819925,37.1793262], [-5.7820461,37.1794587],
  [-5.7822258,37.1795036], [-5.7823492,37.1795613], [-5.7827489,37.179572], [-5.7831244,37.1796168],
  [-5.7834999,37.1797087], [-5.7839693,37.1798583], [-5.784149,37.1799246], [-5.7841383,37.1799951],
  [-5.7840524,37.1801319], [-5.7837923,37.1803306], [-5.7835884,37.1805101], [-5.7834731,37.180602],
  [-5.7833202,37.1807452], [-5.7829909,37.1807826], [-5.7826402,37.1808542], [-5.7822699,37.1809474],
  [-5.7821452,37.1810306], [-5.7820526,37.1811415], [-5.7819935,37.1811867], [-5.7819345,37.1811988],
  [-5.781926,37.1813266], [-5.781922,37.1814211], [-5.781885,37.1815777], [-5.7810089,37.1815683],
  [-5.7810286,37.1816711], [-5.7806245,37.1817693], [-5.7799951,37.1820427], [-5.7794247,37.182299],
  [-5.7800675,37.1831857], [-5.780589,37.1829501], [-5.7809656,37.1837018], [-5.7816212,37.1834555],
  [-5.7814418,37.1830637], [-5.7813053,37.1827318], [-5.7815402,37.1826685], [-5.781818,37.1826179],
  [-5.7823745,37.1825161], [-5.7823381,37.1823076], [-5.7822936,37.1820906], [-5.7822716,37.1818896],
  [-5.7822787,37.1816007], [-5.781885,37.1815777], [-5.7819136,37.1814118], [-5.7819207,37.1811967],
  [-5.7817991,37.1811537], [-5.7816881,37.181085], [-5.7814865,37.1807819], [-5.7812225,37.1809068],
  [-5.7809142,37.1804891], [-5.7805738,37.1801697], [-5.7799626,37.179625], [-5.7808036,37.179115],
  [-5.7808899,37.1793642]
]
