[
  [-5.7830148,37.1807862], [-5.7833072,37.1807627], [-5.7833474,37.1805534], [-5.7835111,37.1803739], 
  [-5.7837015,37.1801881], [-5.7839349,37.180015], [-5.7841441,37.1798676], [-5.7841361,37.17978], 
  [-5.7838571,37.1796796], [-5.783538,37.1795749], [-5.7831839,37.1794788], [-5.7828486,37.1793741], 
  [-5.7824811,37.1792695], [-5.7821673,37.179184], [-5.7819125,37.179043], [-5.7818294,37.1787632], 
  [-5.7817543,37.1784918], [-5.7816819,37.178229], [-5.7815343,37.1779278], [-5.7812232,37.17812], 
  [-5.7808235,37.1783871], [-5.7804453,37.1786157], [-5.7801047,37.1788229], [-5.7805124,37.1791882], 
  [-5.780145,37.1794125], [-5.7802871,37.1795492], [-5.7806546,37.1799188], [-5.780853,37.180126], 
  [-5.78103,37.1803247], [-5.781191,37.1805191], [-5.7810382,37.1805981], [-5.7807198,37.1806323], 
  [-5.7804248,37.1805618], [-5.7801834,37.1807306], [-5.7800037,37.1808609], [-5.7800546,37.1809186], 
  [-5.7803792,37.1812197], [-5.7805294,37.1813479], [-5.7805777,37.1815145], [-5.7808057,37.1815594], 
  [-5.7810149,37.1815615], [-5.7813582,37.1815615], [-5.7816827,37.1815636], [-5.7819777,37.1815829], 
  [-5.7822647,37.1816021], [-5.7822835,37.18182], [-5.7823371,37.1821875], [-5.782372,37.1824716], 
  [-5.7824176,37.1827408], [-5.7826375,37.182963], [-5.7822298,37.1832108], [-5.7818462,37.1834372], 
  [-5.7815834,37.1834629], [-5.7815324,37.183245], [-5.7813473,37.1828882], [-5.7812588,37.1826019], 
  [-5.7811944,37.1822878], [-5.7811193,37.18201], [-5.7810147,37.1816981], [-5.7810147,37.1815635], 
  [-5.7819857,37.1815785], [-5.7822861,37.1815828], [-5.782498,37.181587], [-5.7827635,37.1815571], 
  [-5.7830129,37.1815336], [-5.7830172,37.1807862]
]
